A = [3 2 5;
     4 6 3;
     3 7 4];
 B = [2 5 7;
      3 2 1;
      4 4 3];
  